.Random.seed <-
c(10403L, 10L, 595637146L, -767868955L, -1888515201L, 1874590470L, 
525497488L, -2119285453L, -1330076975L, -1978390400L, -978595490L, 
1866000041L, 1967182171L, 810957674L, -283823604L, 1942573647L, 
-1914437883L, 368080828L, 1447998098L, 1822095757L, -1669275193L, 
851673774L, 163121928L, 1901148427L, 146999273L, -387129160L, 
348178278L, 464315393L, 1185469075L, 1262089538L, 964188916L, 
-393828617L, -1379342611L, 808120708L, 148144042L, 1973159189L, 
-431083601L, -952148042L, 747324896L, -296166109L, -1807814079L, 
-1250058960L, -697944242L, 117136825L, 239075275L, 768095354L, 
1861363068L, -2012660289L, 1048083093L, 1031956652L, 789410434L, 
18823773L, -1694749353L, -937996226L, -2088000392L, 1566764891L, 
897915577L, 390608648L, 762908086L, 953176817L, -1982884573L, 
421908338L, -1501618748L, 460432775L, -1293523107L, 1841932628L, 
-41604230L, -326071611L, -1047651297L, -1838961754L, 1635134768L, 
-1145958445L, 889716209L, 1201883936L, 1658545598L, 1530682825L, 
2119729531L, 844973898L, 1022515116L, -1076470097L, 720100453L, 
1869810716L, 1759519346L, -1609591571L, 742231335L, -2055653042L, 
-570893912L, -1008575061L, 288552649L, -80548136L, 445084550L, 
921986657L, 255287283L, 1664733794L, 1239950548L, -1552988713L, 
-2038976563L, -712070300L, 1043197770L, 1061664437L, -297980401L, 
378404630L, 1015523776L, 773077379L, 1585823649L, 1535078288L, 
-1941547922L, -2031672807L, -1463391573L, -1421545830L, -1819645348L, 
-425314465L, -974403275L, -1733220148L, 446222882L, 579619965L, 
302560631L, -53216610L, 373135704L, -1743691589L, -1256022439L, 
-1737921048L, -1539459050L, -517733487L, 1660726339L, -2012675246L, 
-1608120348L, -1584400857L, -1084404099L, -361304204L, 401179482L, 
1759671717L, 501068223L, -553207226L, -1755752240L, -1773227277L, 
1823941649L, -2027605440L, -1994709474L, -1571196695L, 1115132443L, 
-1555402198L, 1111364940L, -2044758257L, 1715288645L, 1218112508L, 
-1095863726L, -382677043L, 1725024647L, -428688274L, 1300202568L, 
231349835L, 655954857L, -320431368L, 74083878L, 1427932993L, 
-1047966509L, -903327614L, -1526583628L, 724355639L, -330313427L, 
1044210244L, 1518550890L, -912880683L, 1163906415L, -2122549130L, 
-535686240L, 782435427L, -1599762175L, -1593140112L, -445900786L, 
301394041L, -748296181L, 1201523002L, -1108125636L, -879718529L, 
619365589L, -682305300L, -2021125566L, 2131375517L, -1109184489L, 
2128831870L, -1029981384L, -49609701L, 1477631353L, -1942836280L, 
460011510L, -1935041999L, -1917154205L, 1976923186L, -1183182460L, 
-1216047161L, -1736467811L, -1305449964L, -1059747654L, 1315132677L, 
275873503L, -1405844634L, 109077232L, -1184857581L, 1394715569L, 
-269887904L, 259249150L, -25146487L, -1792566085L, 28973194L, 
1671400300L, -1592446737L, 304667429L, -324024868L, -1541823566L, 
292784813L, -1613438361L, -1181269618L, -905116056L, -567659925L, 
-1691218935L, 1117368984L, -1803762234L, -1304509151L, 1785390515L, 
-1546866398L, -1108800748L, -2123484265L, -1419625587L, -1766078812L, 
1721837706L, 955272949L, -1687826097L, 1769518844L, 763039636L, 
-1742085310L, -1470440960L, 1880695356L, 1371657808L, -660860254L, 
567720776L, -686417396L, -963597092L, 755839570L, -458110848L, 
-47367340L, -764341784L, -664048902L, -1895442608L, 232956972L, 
-1994287756L, -2032443758L, -1471169952L, 497177228L, -22025376L, 
1103606498L, 1525012648L, 406606028L, -1828240900L, 979763122L, 
-628517392L, 1450814916L, 81688408L, -905323654L, -900219472L, 
686457276L, -1342562220L, -1802800190L, 1411277600L, 656791484L, 
1036366416L, -1573736990L, 1679028584L, -964768436L, -45637380L, 
1909621490L, -922571008L, 313261684L, 773472264L, 1046622650L, 
-763080752L, 1879788012L, -60315756L, -1748462894L, 1365507680L, 
-1929829044L, -1273019104L, 1866476162L, -1378543128L, 459374572L, 
-1604008388L, -1671444878L, -1405899920L, -601741020L, -280255944L, 
-827631206L, -1072465456L, -1506646596L, 2047350932L, -1422560126L, 
798270912L, 2101513020L, 1243163792L, 404708130L, -1700612600L, 
549184780L, -1934166628L, 1873784338L, -191382656L, 1685836564L, 
1078620456L, 2056799290L, -1781044272L, 126327404L, 1266864692L, 
351754898L, 57042272L, -673556148L, 1174022112L, 1415755170L, 
975648168L, 1664210572L, -850297412L, 1324666482L, -743345168L, 
72642116L, 541519960L, -646875078L, 99573872L, 1587615804L, -1767497452L, 
-955669822L, -1198692640L, 407779452L, -1265584432L, 680540578L, 
-1350916056L, -1241117940L, 371837372L, -382692558L, 625474240L, 
-1548129228L, 1228533448L, -720653126L, 1711953552L, 543448812L, 
-1481258412L, 404927122L, 673757472L, 355123660L, 14459616L, 
-1856802622L, 1737829416L, -1212246100L, 1092557500L, 890129394L, 
2079929904L, -1381154908L, 437259704L, -1838725286L, 1080627344L, 
805469052L, -1705025260L, 65108290L, 332448000L, -939520580L, 
1980621136L, 1937365282L, 652401224L, -679497716L, 862770780L, 
1259293138L, 1861809664L, 16545108L, 733474024L, 395428090L, 
-613603632L, -1151415508L, 76910836L, 311400850L, 1993751904L, 
1648528396L, -1588740896L, 1592730210L, 697697448L, 1363180620L, 
-1541531780L, -1255990990L, 998560368L, -247999676L, -650775592L, 
-964885638L, -696121296L, 461598652L, 850371156L, 985649218L, 
1030450848L, -606215492L, -764032048L, -1078682270L, 849927912L, 
-1911210804L, -748940804L, -1150468622L, -1988328320L, -1202664972L, 
1991432840L, 1842334522L, 171412816L, -1376244628L, -1959090796L, 
-1919909806L, -80249376L, -1142672180L, 1902780064L, 1975243138L, 
641284328L, 1027373804L, 978068796L, -137408398L, -1002253712L, 
-1957524956L, 948410424L, -415061734L, 404735184L, -1876719300L, 
-2081234028L, 1515976578L, 593136576L, 1721304636L, 52961680L, 
495327266L, 85796104L, 995743884L, 1413025564L, -166366062L, 
-1258007168L, 1205669908L, 2125338408L, 1102865978L, 225604048L, 
-1128351380L, -579800140L, -1566389742L, 12494816L, -2000164404L, 
2104735968L, -698053598L, -1990143192L, -792061428L, 78512956L, 
999006194L, 96547568L, -1876551100L, 1550282328L, -1866000582L, 
485650416L, 878191292L, -2132863724L, -464659262L, -652213046L, 
89833448L, 139316433L, -2029770557L, -586227772L, 1893899378L, 
1606202695L, 659925265L, 1059298454L, -962866700L, -273431675L, 
-1745237297L, 523458504L, -2068816282L, 1476866195L, -277581835L, 
-1359205934L, -349523424L, 613559305L, -461033157L, -703933300L, 
-1118101222L, -83404913L, 865921241L, -859412626L, -795730180L, 
-266511251L, -834721769L, -1802448416L, 1558912446L, 387654539L, 
-1397550067L, -1701465030L, -902892424L, 602136609L, 1008511699L, 
-966956556L, 215306882L, 2113580823L, 127313377L, 1424939814L, 
-852650460L, -931868459L, -1182240641L, -2018630376L, 1861262390L, 
-1575681341L, -151638267L, -1235967326L, -666136432L, 1677156409L, 
1421005035L, 1671152092L, -1180547062L, -1854916865L, -669128887L, 
-2014651170L, -981253492L, 1703233117L, -913421209L, 30384528L, 
-392396370L, 1045595L, -813751235L, 1195633322L, 454481736L, 
1412127601L, 717987043L, -1207913500L, 1921508114L, -165663001L, 
-882435919L, -1974068490L, -830718700L, -1480695259L, -851513553L, 
-1477979928L, 151368134L, -1593352077L, -1890366763L, -871393102L, 
127454336L, -288206743L, 2068843739L, 1048494124L, 608272442L, 
-3178769L, 192663929L, -1712603634L, -1335820324L, -1856489395L, 
-1548231753L, -1451522752L, 2135737374L, 341877483L, 1227115117L, 
-27747622L, -2125626728L, 479002881L, -2100484429L, -1471401516L, 
-1763073822L, -1496196745L, -1045788479L, 1076991046L, 1823538052L, 
373959989L, 128490271L, 960065144L, 1898058582L, 468326883L, 
2142810021L, -1656574398L, -1250618320L, -1358223271L, 569279947L, 
-303839684L, 1430272106L, 1418789535L, 2069221161L, 441185214L, 
1723876012L, -1318801411L, 1629763399L, 1226946608L, 1793757518L, 
1156700539L, 962862813L, -831416566L, -1535627736L, -1990871407L, 
211885699L, 117710724L, 1497781682L, -2034222329L, 953315665L, 
1588938966L, 1647158708L, -1976344123L, 139587855L, -936267896L, 
